$ANSIBLE_VAULT;1.1;AES256
31346266666137373161656430666637383937613736313135656333363662326131356566363663
3532316261643032353261353163313130346235383066640a393066323062666435666430626264
34326535636534393938373831376564613261613761633034616239313862333662333665333465
6231393830653238300a613866356631343565333737626463646537313762343666383631396162
66663761333761396636623164323830633266353261616561303666663738356162666638363235
61353762616662633531613736623233373535333065666339323865356661376530363732393166
31346461646231393132373537343334316161626365616630376162386136613764333666623137
61663335396563366266363934306636626461353462353432343061333961393537346636366234
33373230613862316138633465313464656662383231653264323061323833333865303462396564
36663334376162393932333763666433663366336336616666613038623839653138633232336163
33313636626533323630363634623334366166343133666464323534313539366634393336613339
39643436393738376231323962303833306530346131626337613261643538313761636634383663
39653035346430633836313932363735353131393334313530306638653661646161646163353039
38306663653463353835353231313930383636373630303935613833613265323930376235343437
61656165633031613032653262386330356137313066333734626666376265613031663762313963
36313062353761383935633331386565613830313364616665313662346661376637376263316335
30363238623931343135626134326165633464376438663063303432393061366264633234396634
39363064653638376539323863633763663866393035343663333361303333643962656537663032
31343032346637386564396635643737346361336365393534663137316662393565623832613364
62376661353434356334313230306536396236323064386632643131383663633662663737643638
6333
