$ANSIBLE_VAULT;1.1;AES256
35643239326333623937646464393634363932663530616435663465353966366563643762383631
3434303963356135386161616137333166616562666134390a353533313366653234653532343231
35316161616330333539386637303132326435366663383865333939323665376235616434386463
6339623666656364300a616262653162383939646330343661366561326536363063316266643263
66356536376135346538363338343561323265323163366363363336356134646364386138306130
34323231366531656165393665343531643137353232636639326631316431643531343861633461
31313861323762326431313463616361316439326538663464633632633662653261383638643766
61663030623362613433393866656238306538316665396636303339336261353264613731386530
32386239386434643066653938393137393135636636633232616633343239386237383638393138
38353535306639386431346364633835613933373163623035626234303134396664643134633566
65363734663363623861666537353661393236353330643734343738316662343637626636343530
65333130393262306133333363656331373638623962666631303137626365323961316533383733
39616631643733656563353634316134366562323831616538666331306633613338
