$ANSIBLE_VAULT;1.1;AES256
64316332306332303634316331366165613462613334326432373434616530636138616564666632
3732393261343738646633653337666463393139613030630a386331326263623161336663393731
64663162653836353738666636633931626633323163333934346638623765353565323565383665
3633316436386233360a323535636531363132656333376362366435313139373431373661303835
37656166656337613339303932363363633330353363373163383562343735303035663236333738
61333035396262366137336535343663613632393430613466336164333635333965336635656664
65326135373134393864643432333762313666636166343134363333616261643633643637656662
62666638633163323535363834623562616563363238623038343537356666316638623133313130
65666432663063393932326431366635663337626230663166396265656238663166636137633836
33623933663338623961626662333738383331646333663435613234646432366134303136306566
336363633534396236656537376631306531
